0 0.097266 0.549562 0.137788 0.546139 0.127266 0.521144 0.281978 0.521483 0.282500 0.662878 0.248819 0.650554 0.197775 0.673494 0.203036 0.649866 0.129368 0.662878 0.144629 0.623164 0.119368 0.636515 0.131470 0.590295
0 0.796607 0.602449 0.819011 0.589151 0.818228 0.541072 0.822953 0.534164 0.842995 0.522145 0.955027 0.522654 0.972321 0.528794 0.975069 0.541072 0.972321 0.630322 0.959739 0.640804 0.941662 0.650268 0.914135 0.656408 0.888585 0.656917 0.867761 0.654102 0.826484 0.638758 0.820591 0.631859 0.819011 0.597846
0 0.387019 0.653852 0.304863 0.647203 0.290714 0.636971 0.291497 0.521376 0.415714 0.521895 0.435371 0.530071 0.436937 0.539535 0.437734 0.577900 0.453063 0.583262 0.438516 0.586077 0.439299 0.622904 0.418462 0.639017
0 0.290618 0.654915 0.303530 0.646738 0.389135 0.654030 0.405440 0.655800 0.433640 0.668400 0.436360 0.734486 0.432280 0.777811 0.403063 0.798365 0.289931 0.797918
0 0.836799 0.159133 0.868187 0.150849 0.851813 0.123923 0.869547 0.125103 0.874093 0.082493 0.899107 0.093744 0.923214 0.083092 0.976882 0.061492 0.982788 0.117703 0.989162 0.123029 0.997349 0.122735 0.992802 0.143450 0.991442 0.154692 0.998709 0.167417 0.999162 0.184576 0.975522 0.188427 0.985522 0.202332 0.877280 0.207069 0.850907 0.205585 0.866360 0.157650
0 0.877514 0.208213 0.984986 0.203441 0.999080 0.200572 0.998777 0.242404 0.993791 0.260366 0.998777 0.265907 0.999080 0.283664 0.984684 0.281948 0.987912 0.309071 0.962953 0.302583 0.935948 0.301242 0.902184 0.314039 0.894258 0.297802 0.868709 0.295317 0.840522 0.298954 0.866951 0.248141 0.847569 0.213181 0.867527 0.212413
0 0.348846 0.029562 0.372940 0.039330 0.402967 0.000268 0.433887 0.037551 0.440261 0.037551 0.481195 0.019205 0.493475 0.068624 0.513022 0.068624 0.502569 0.081340 0.493475 0.110340 0.496195 0.136971 0.508475 0.175139 0.518022 0.188749 0.496648 0.188159 0.483462 0.196443 0.477555 0.212717 0.454354 0.198811 0.422060 0.219223 0.403874 0.233727 0.374313 0.191412 0.348846 0.199106
0 0.042720 0.014468 0.068860 0.000000 0.086937 0.000000 0.155137 0.000402 0.189739 0.012940 0.194052 0.022145 0.197198 0.084540 0.194052 0.098097 0.175577 0.109598 0.042335 0.108320
0 0.041690 0.108499 0.177047 0.109258 0.197308 0.117096 0.200536 0.122824 0.202596 0.192744 0.184684 0.207641 0.164121 0.217954 0.133269 0.224835 0.136827 0.237060 0.121264 0.224450 0.093626 0.228847 0.073695 0.228266 0.062830 0.221778 0.041690 0.203441
0 0.231621 0.237131 0.235179 0.222609 0.218173 0.217489 0.204217 0.209562 0.200412 0.122887 0.205234 0.111332 0.231113 0.100929 0.340742 0.101921 0.339478 0.219634 0.286442 0.239937 0.275014 0.239937 0.241772 0.228052
0 0.205481 0.000214 0.341758 0.000214 0.340742 0.101591 0.230096 0.100760 0.211071 0.090197 0.204217 0.074343 0.201923 0.033735 0.201676 0.005827