0 0.850041 0.110563 0.860934 0.104345 0.884409 0.099612 0.882308 0.045761 0.859684 0.036887 0.837885 0.035403 0.823228 0.041319 0.800591 0.057304 0.799753 0.075936 0.809396 0.093104 0.819451 0.099612 0.849629 0.105228
0 0.558805 0.099311 0.553777 0.089253 0.555453 0.074161 0.566772 0.053453 0.581442 0.043094 0.611195 0.032444 0.641360 0.031853 0.670687 0.037769 0.692486 0.050194 0.691223 0.187789 0.677404 0.194297 0.646387 0.201988 0.616635 0.201988 0.580604 0.185713
0 0.580604 0.185713 0.557129 0.097837 0.531992 0.096062 0.508942 0.103754 0.490508 0.118846 0.480865 0.144287 0.477514 0.176246 0.469973 0.180097 0.481291 0.184530 0.493860 0.198729 0.518159 0.209981 0.541635 0.212347 0.567184 0.204064
0 0.189217 0.099020 0.185440 0.096062 0.187967 0.081862 0.184602 0.068244 0.166168 0.054336 0.143544 0.049011 0.112527 0.055228 0.096195 0.073278 0.095769 0.094287 0.113365 0.109670 0.133063 0.115587 0.161566 0.112037 0.182926 0.101387
0 0.208915 0.207313 0.177898 0.203472 0.175810 0.184239 0.163654 0.160863 0.133901 0.149913 0.107500 0.146654 0.076071 0.152279 0.055549 0.164704 0.044643 0.175354 0.043805 0.219447 0.066016 0.233647 0.090330 0.239864 0.154025 0.238972 0.170357 0.228322 0.178324 0.211455
0 0.042802 0.367546 0.043777 0.270320 0.199409 0.270999 0.199409 0.367546 0.167404 0.380553 0.127651 0.389108 0.095659 0.387740 0.061717 0.375761
0 0.046195 0.565422 0.072871 0.553443 0.119409 0.543851 0.157225 0.547963 0.198929 0.564743 0.199409 0.678739 0.043297 0.676693
0 0.211717 0.467876 0.226799 0.466101 0.240632 0.450708 0.255302 0.453666 0.289245 0.452483 0.304327 0.448341 0.324863 0.439467 0.327376 0.452192 0.345810 0.461659 0.372637 0.463734 0.388970 0.464025 0.375151 0.471426 0.377239 0.493026 0.388970 0.506634 0.411607 0.521135 0.427527 0.528526 0.400288 0.532968 0.377665 0.544510 0.370536 0.560194 0.375151 0.569661 0.354615 0.565218 0.329890 0.570543 0.315646 0.580310 0.301813 0.574985 0.294684 0.575868 0.294272 0.587711 0.281703 0.582677 0.260742 0.581203 0.250275 0.588303 0.241896 0.574985 0.224286 0.567886 0.212555 0.567294
0 0.754588 0.383540 0.759615 0.376741 0.736154 0.369049 0.714780 0.355432 0.698860 0.335024 0.692981 0.308681 0.697170 0.288274 0.709753 0.271406 0.733640 0.256605 0.763805 0.245664 0.797747 0.242114 0.839231 0.245664 0.877363 0.252464 0.911731 0.271106 0.932679 0.303657 0.931003 0.326731 0.918846 0.348632 0.899986 0.364607 0.872761 0.378516 0.842582 0.382658 0.804038 0.382949 0.773860 0.378516
0 0.575783 0.861610 0.578297 0.856586 0.585838 0.847110 0.574519 0.825509 0.564464 0.824035 0.554409 0.830543 0.551058 0.839127 0.551058 0.847701 0.557761 0.855694 0.566978 0.858361 0.572005 0.858361
0 0.587102 0.849476 0.601758 0.847410 0.609725 0.836169 0.611813 0.819593 0.600920 0.808652 0.588777 0.807759 0.576195 0.819302 0.573681 0.825509
0 0.638640 0.794442 0.634025 0.786460 0.615165 0.783792 0.596731 0.774025 0.585426 0.765451 0.580810 0.750359 0.582060 0.733492 0.591703 0.714258 0.608462 0.703016 0.639052 0.700058 0.663777 0.703608 0.681374 0.720475 0.680124 0.778468 0.644505 0.786751
0 0.578709 0.790892 0.575357 0.777575 0.587102 0.761009 0.574945 0.742667 0.582898 0.721950 0.562788 0.718109 0.548118 0.710116 0.540577 0.689699 0.506635 0.705082 0.485687 0.708041 0.468929 0.703608 0.466415 0.722541 0.458448 0.728758 0.453008 0.806576 0.467253 0.802134 0.483173 0.799767 0.493228 0.805684 0.491978 0.818409 0.511250 0.808652 0.524245 0.809835 0.539327 0.819593 0.545604 0.806877 0.563214 0.795926
0 0.297115 0.798885 0.320165 0.816634 0.367940 0.825810 0.387212 0.828468 0.429121 0.814268 0.447143 0.796217 0.454684 0.778468 0.456772 0.757459 0.455522 0.738817 0.448819 0.724908 0.432885 0.709825 0.295440 0.708933
0 0.045701 0.866052 0.059519 0.861911 0.076703 0.841193 0.091374 0.852735 0.115673 0.861319 0.141236 0.858652 0.131593 0.879370 0.132857 0.903628 0.143750 0.923453 0.132431 0.933220 0.120701 0.945936 0.090948 0.945645 0.067074 0.958070 0.054918 0.942386 0.045701 0.940611