0 0.839231 0.060890 0.858008 0.053402 0.870055 0.044034 0.881126 0.047783 0.902308 0.042164 0.905192 0.059012 0.915783 0.078994 0.900385 0.094907 0.892198 0.110516 0.882569 0.105833 0.866676 0.110516 0.856566 0.093660 0.840687 0.075868
0 0.715975 0.047783 0.694794 0.044657 0.674093 0.034043 0.671690 0.018753 0.672651 0.006581 0.667349 0.000338 0.447321 0.000338 0.444918 0.124871 0.467541 0.121131 0.502692 0.123001 0.534945 0.135174 0.546016 0.147346 0.579245 0.133615 0.616799 0.130801 0.655316 0.138602 0.655797 0.118317 0.667349 0.085859 0.686607 0.066821
0 0.682294 0.167890 0.703420 0.173740 0.720838 0.168700 0.739176 0.170312 0.749121 0.157213 0.752843 0.163259 0.766841 0.155405 0.777720 0.164470 0.799478 0.169706 0.820302 0.170712 0.804135 0.183811 0.799478 0.195298 0.791703 0.203161 0.783929 0.224515 0.760302 0.226536 0.739478 0.231772 0.726731 0.238620 0.707157 0.231567 0.680426 0.227943 0.657734 0.229760 0.653063 0.219679 0.643434 0.205174 0.637843 0.203357 0.654931 0.194497 0.670481 0.183206
0 0.178242 0.054720 0.188228 0.057150 0.211538 0.054176 0.246071 0.037996 0.230673 0.057685 0.215701 0.089252 0.206964 0.121354 0.209451 0.151558 0.215275 0.163161 0.194478 0.174764 0.188228 0.190677 0.191978 0.196340 0.184492 0.206322 0.190316 0.214684 0.210288 0.212529 0.226937 0.224666 0.207788 0.215761 0.184066 0.219537 0.175330 0.211175 0.178668 0.202814 0.172005 0.197150 0.115000 0.210098 0.112088 0.196340 0.095440 0.187168 0.068393 0.187444 0.090027 0.172066 0.101264 0.149671 0.103338 0.126741 0.125398 0.112716 0.158681 0.083313
0 0.544135 0.753491 0.521291 0.749519 0.537445 0.742289 0.545810 0.725681 0.544684 0.704372 0.524080 0.689929 0.496786 0.678014 0.459464 0.676928 0.419904 0.685236 0.395398 0.704016 0.385920 0.731095 0.397624 0.759270 0.425481 0.775877 0.462239 0.781291 0.490659 0.772992 0.519066 0.753847
0 0.537445 0.852440 0.553049 0.843411 0.564190 0.842689 0.548036 0.856768 0.577555 0.866162 0.595385 0.879163 0.600962 0.902271 0.592596 0.921416 0.579231 0.938388 0.378681 0.938023 0.379245 0.850988 0.407651 0.838353 0.448874 0.829688 0.488984 0.831852 0.525755 0.843767
0 0.265495 0.826696 0.274492 0.822030 0.271250 0.817364 0.274135 0.806411 0.283118 0.800579 0.306140 0.799412 0.323407 0.802217 0.338874 0.809671 0.348942 0.822965 0.351813 0.834622 0.344258 0.843713 0.332033 0.849777 0.315495 0.852110 0.296429 0.850472 0.283118 0.846046 0.275563 0.835557 0.274135 0.828326
0 0.164808 0.750276 0.165124 0.743633 0.150824 0.738192 0.152060 0.727711 0.161071 0.722066 0.173516 0.716429 0.188118 0.721264 0.196511 0.731336 0.188434 0.746456 0.171332 0.744034
0 0.199931 0.681567 0.222308 0.653152 0.282610 0.639252 0.292871 0.639457 0.365920 0.651140 0.369025 0.663838 0.361882 0.679350 0.334835 0.684586 0.298777 0.685191 0.270495 0.686803 0.270797 0.696073 0.264272 0.688014 0.233819 0.695877 0.217335 0.692850
0 0.190302 0.675325 0.212981 0.649323 0.208942 0.642680 0.190920 0.636028 0.154245 0.622930 0.076841 0.620312 0.041401 0.644488 0.033008 0.653562 0.042033 0.660009 0.067830 0.667863 0.093626 0.666251 0.125948 0.664034 0.135275 0.663838 0.131552 0.673909 0.144286 0.666857 0.181909 0.677943
0 0.189835 0.395886 0.235577 0.393384 0.263503 0.383402 0.339093 0.370294 0.363159 0.379029 0.410343 0.374034 0.380014 0.373411 0.354492 0.364987 0.374231 0.345637 0.398310 0.332520 0.405055 0.329715 0.402157 0.312547 0.406016 0.292262 0.422376 0.271977 0.437308 0.257925 0.394451 0.261362 0.334753 0.259804 0.308750 0.255744 0.283242 0.246064 0.244725 0.256055 0.209574 0.260739 0.179245 0.258549 0.157569 0.255120 0.134945 0.275717 0.109904 0.293508 0.083434 0.311923 0.057912 0.321603 0.063695 0.331273 0.076209 0.362796 0.072349 0.400882 0.094986 0.395574 0.140247 0.390890 0.177321 0.391825
0 0.099588 0.428878 0.135027 0.421229 0.172335 0.407320 0.188805 0.396037 0.233255 0.394025 0.249107 0.401478 0.278324 0.406518 0.299464 0.408531 0.315934 0.408531 0.308791 0.428878 0.317802 0.464141 0.275838 0.480463 0.232940 0.507471 0.211181 0.524996 0.177926 0.526207 0.136580 0.534265 0.104876 0.549181 0.092761 0.557240 0.080014 0.514524 0.069135 0.496385 0.059190 0.489332 0.079080 0.466358 0.093379 0.445405